2010-12-31 10154 5252974 22,945,708
2010-12-28 10153 5869367 17,837,280
2010-12-26 10152 6842015 17,770,898
2010-12-24 10151 5295767 21,739,316
2010-12-21 10150 7674213 17,890,284
2010-12-19 10149 9257485 17,564,994
2010-12-17 10148 1865055 21,370,276
2010-12-14 10147 2110873 16,738,024
2010-12-12 10146 1168201 17,077,930
2010-12-10 10145 5303297 21,896,500
2010-12-07 10144 0784205 16,991,758
2010-12-05 10143 0578684 17,266,940
2010-12-03 10142 1943746 21,866,350
2010-11-30 10141 1858583 17,484,466
2010-11-28 10140 2663309 17,118,332
2010-11-26 10139 0987265 21,490,384
2010-11-23 10138 9627688 16,945,172
2010-11-21 10137 7777077 17,203,224
2010-11-19 10136 1334731 21,957,328
2010-11-16 10135 1900841 17,110,974
2010-11-14 10134 6799436 16,762,036
2010-11-12 10133 9894468 21,762,600
2010-11-09 10132 7658338 17,228,310
2010-11-07 10131 2760212 17,295,810
2010-11-05 10130 6674521 22,470,884
2010-11-02 10129 3148998 17,771,868
2010-10-31 10128 9740611 17,779,222
2010-10-29 10127 6482574 22,224,536
2010-10-26 10126 3966024 17,238,912
2010-10-24 10125 5822146 18,056,510
2010-10-22 10124 9977030 23,543,142
2010-10-19 10123 3869697 18,041,610
2010-10-17 10122 0277834 18,080,274
2010-10-15 10121 4130735 22,968,912
2010-10-12 10120 2196752 17,943,912
2010-10-10 10119 5152657 18,297,450
2010-10-08 10118 3653804 22,108,840
2010-10-05 10117 4539197 15,778,002
2010-10-03 10116 9370430 15,717,036
2010-10-01 10115 2087393 20,372,738
2010-09-28 10114 9663554 17,028,094
2010-09-26 10113 5737699 17,208,548
2010-09-24 10112 1844952 20,635,420
2010-09-21 10111 7046077 16,451,040
2010-09-19 10110 5442404 16,758,124
2010-09-17 10109 5320770 20,637,310
2010-09-14 10108 6465490 17,016,316
2010-09-12 10107 2594448 17,262,408
2010-09-10 10106 9382194 21,385,366
2010-09-07 10105 7760999 16,646,508
2010-09-05 10104 5531979 16,748,124
2010-09-03 10103 0729603 20,790,536
2010-08-31 10102 7540662 0
2010-08-29 10101 3759188 16,390,428
2010-08-27 10100 5566740 20,112,518
2010-08-24 10099 2777928 16,601,116
2010-08-22 10098 5667579 16,800,058
2010-08-20 10097 3490671 20,636,572
2010-08-17 10096 5068864 16,616,412
2010-08-15 10095 8387858 16,793,954
2010-08-13 10094 5564613 20,228,270
2010-08-10 10093 4616363 15,975,778
2010-08-08 10092 1199102 16,220,722
2010-08-06 10091 6726002 0
2010-08-03 10090 5618466 15,857,158
2010-08-01 10089 9188631 0
2010-07-30 10088 4434725 0
2010-07-27 10087 0655881 15,760,828
2010-07-25 10086 5457874 15,760,828
2010-06-27 10074   0
2010-06-25 10073   0
2010-06-22 10072   0
2010-06-20 10071   0
2010-06-18 10070   0
2010-06-15 10069   0
2010-06-13 10068 9077195 0
2010-06-11 10067 8017422 0
2010-06-08 10066 8990936 0
2010-06-06 10065 5509893 0
2010-06-04 10064 0075220 0
2010-05-30 10062   0
2010-05-28 10061 6540724 22,575,078
2010-05-25 10060 0653189 17,725,182
2010-05-23 10059 8415736 17,781,882
2010-05-21 10058 8086719 0
2010-05-18 10057 1574143 0
2010-05-16 10056 8195394 0
2010-05-14 10055 3461229 0
2010-05-11 10054 4036516 17,762,664
2010-05-09 10053   0
2010-05-07 10052   0
2010-05-04 10051 7547895 17,374,008
2010-05-02 10050 6387823 16,731,790
2010-04-30 10049 5464837 22,729,638
2010-04-27 10048 6774646 18,401,436
2010-04-25 10047 0316655 18,325,146
2010-04-23 10046 4131240 22,947,758
2010-04-20 10045 8720013 18,216,864
2010-04-18 10044 1425666 18,276,260
2010-04-16 10043 6822665 22,386,738
2010-04-13 10042 8321949 17,429,318
2010-04-11 10041 6677306 17,451,672
2010-04-09 10040 8594104 22,057,600
2010-04-06 10039 3108780 17,243,412
2010-04-04 10038 8718127 17,232,834
2010-04-02 10037 4967347 22,110,364
2010-03-30 10036 3793744 17,637,998
2010-03-28 10035 9895769 17,410,814
2010-03-26 10034 3381403 21,801,462
2010-03-23 10033 9155020 17,148,066
2010-03-21 10032 9287727 17,135,866
2010-03-19 10031 4850928 0
2010-03-16 10030 7695890 17,226,094
2010-03-14 10029 7668383 16,672,456
2010-03-12 10028 5170699 21,810,290
2010-03-09 10027 0947238 16,936,450
2010-03-07 10026 6588106 16,895,298
2010-03-05 10025 4442065 20,779,402
2010-03-02 10024 9667958 16,276,370
2010-02-28 10023 4483743 16,007,236
2010-02-26 10022 9805794 20,439,236
2010-02-23 10021 9542244 15,525,796
2010-02-21 10020 9608088 16,003,920
2010-02-12 10019 7779269 21,808,114
2010-02-09 10018 0062625 15,630,298
2010-02-07 10017 9132268 16,075,802
2010-02-05 10016 6669517 20,079,524
2010-02-02 10015 2522139 16,100,480
2010-01-31 10014 2509106 16,751,376
2010-01-29 10013 9557720 20,933,418
2010-01-26 10012 5161335 16,561,362
2010-01-24 10011 8872195 16,545,430
2010-01-22 10010 3305688 20,386,976
2010-01-19 10009 6149702 16,796,828
2010-01-17 10008 5285391 16,775,164
2010-01-15 10007 7058347 20,559,534
2010-01-12 10006 1643990 16,268,402
2010-01-10 10005 3501158 16,273,060
2010-01-08 10004 4060910 20,579,538
2010-01-05 10003 1456780 16,162,452
2010-01-03 10002 3985504 16,241,518
2010-01-01 10001 2901444 21,360,422
