2011-12-30 11153 4092502 20,172,550
2011-12-27 11152 9319674 16,314,988
2011-12-25 11151 4158361 16,827,584
2011-12-23 11150 1525892 21,100,978
2011-12-20 11149 7077521 16,309,446
2011-12-18 11148 5544207 16,307,218
2011-12-16 11147 0054322 20,674,128
2011-12-13 11146 6939402 16,438,606
2011-12-11 11145 2675706 16,091,648
2011-12-09 11144 4831905 20,168,860
2011-12-06 11143 3635644 15,701,474
2011-12-04 11142 6572653 15,793,708
2011-12-02 11141 1292059 19,692,656
2011-11-29 11140 1958725 15,423,680
2011-11-27 11139 6636244 15,929,568
2011-11-25 11138 7427088 20,765,594
2011-11-22 11137 9012987 15,959,252
2011-11-20 11136 4260282 16,073,598
2011-11-18 11135 2152613 20,186,318
2011-11-15 11134 7960353 16,215,422
2011-11-13 11133 7252156 16,388,294
2011-11-11 11132 9663363 21,456,196
2011-11-08 11131 0204972 16,298,056
2011-11-06 11130 6417786 16,786,176
2011-11-04 11129 6825989 21,682,388
2011-11-01 11128 0685008 16,855,602
2011-10-30 11127 4070377 17,029,226
2011-10-28 11126 9183861 21,605,112
2011-10-25 11125 1522166 16,571,330
2011-10-23 11124 8234943 16,445,174
2011-10-21 11123 9851324 21,441,912
2011-10-18 11122 2156060 16,571,034
2011-10-16 11121 9215471 16,634,092
2011-10-14 11120 4328327 21,282,944
2011-10-11 11119 5910547 16,394,168
2011-10-09 11118 7430694 16,773,604
2011-10-07 11117 1174827 19,980,228
2011-10-04 11116 0025179 14,676,266
2011-10-02 11115 2131535 14,611,736
2011-09-30 11114 5971545 20,097,826
2011-09-27 11113 6227878 16,095,110
2011-09-25 11112 5413925 15,988,206
2011-09-23 11111 6615701 20,967,272
2011-09-20 11110 8741591 16,157,086
2011-09-18 11109 0209837 15,862,782
2011-09-16 11108 4261726 20,978,112
2011-09-13 11107 4543398 15,510,686
2011-09-11 11106 5336696 15,345,404
2011-09-09 11105 5727172 20,086,986
2011-09-06 11104 1149132 15,917,470
2011-09-04 11103 2849296 15,882,908
2011-09-02 11102 4354110 20,202,298
2011-08-30 11101 6012956 15,680,054
2011-08-28 11100 9767711 15,700,602
2011-08-26 11099 1107475 21,234,392
2011-08-23 11098 0095603 16,568,208
2011-08-21 11097 1526587 16,712,982
2011-08-19 11096 8998382 21,189,812
2011-08-16 11095 4420591 16,448,176
2011-08-14 11094 8960795 16,292,430
2011-08-12 11093 9592453 20,809,924
2011-08-09 11092 4164257 16,023,026
2011-08-07 11091 7314869 16,264,868
2011-08-05 11090 3901361 20,550,668
2011-08-02 11089 4580067 16,150,408
2011-07-31 11088 0183689 16,338,238
2011-07-29 11087 3257114 20,256,690
2011-07-26 11086 0151873 15,937,100
2011-07-24 11085 5957540 16,314,442
2011-07-22 11084 3548278 21,241,062
2011-07-19 11083 3607490 16,410,136
2011-07-17 11082 1402907 16,410,238
2011-07-15 11081 2373746 20,899,882
2011-07-12 11080 2579550 16,205,088
2011-07-10 11079 3829715 16,245,218
2011-07-08 11078 5865625 20,128,674
2011-07-05 11077 4694237 15,675,326
2011-07-03 11076 3527041 15,843,748
2011-07-01 11075 7191312 20,546,990
2011-06-28 11074 0819056 16,399,590
2011-06-26 11073 9710845 16,839,522
2011-06-24 11072 3714146 20,959,636
2011-06-21 11071 6238544 17,714,092
2011-06-19 11070 4003020 17,569,230
2011-06-17 11069 9247952 22,948,400
2011-06-14 11068 2525715 17,706,188
2011-06-12 11067 7373088 17,538,524
2011-06-10 11066 8135181 22,145,842
2011-06-07 11065 0009921 17,446,488
2011-06-05 11064 7348344 17,213,710
2011-06-03 11063 7741581 22,709,780
2011-05-31 11062 3436284 17,615,656
2011-05-29 11061 0842274 18,109,676
2011-05-27 11060 8454820 22,570,966
2011-05-24 11059 4420572 18,044,818
2011-05-22 11058 4359012 17,801,558
2011-05-20 11057 5188516 23,151,094
2011-05-17 11056 9456505 18,183,654
2011-05-15 11055 7580812 18,476,700
2011-05-13 11054 9409343 22,847,414
2011-05-10 11053 6244692 18,053,594
2011-05-08 11052 7708533 17,753,812
2011-05-06 11051 3277401 22,899,448
2011-05-03 11050 2193560 17,645,990
2011-05-01 11049 1458189 16,738,424
2011-04-29 11048 0057689 22,352,398
2011-04-26 11047 7912295 18,329,870
2011-04-24 11046 1163847 18,501,400
2011-04-22 11045 0889399 23,549,480
2011-04-19 11044 6635846 18,844,256
2011-04-17 11043 6689720 18,076,582
2011-04-15 11042 4761362 23,091,184
2011-04-12 11041 6669366 18,430,102
2011-04-10 11040 3888757 18,312,616
2011-04-08 11039 9627731 23,624,630
2011-04-05 11038 0124745 17,604,058
2011-04-03 11037 8556946 17,772,938
2011-04-01 11036 3684627 23,497,300
2011-03-29 11035 2748772 18,698,984
2011-03-27 11034 6498962 18,667,516
2011-03-25 11033 2052536 23,477,378
2011-03-22 11032 2081632 18,707,520
2011-03-20 11031 7641735 18,546,564
2011-03-18 11030 4452933 23,303,390
2011-03-15 11029 1640002 18,088,684
2011-03-13 11028 5235825 18,553,560
2011-03-11 11027 8623237 23,465,784
2011-03-08 11026 2058365 18,651,944
2011-03-06 11025 8927753 18,806,378
2011-03-04 11024 9377370 22,923,416
2011-03-01 11023 7403591 17,976,688
2011-02-27 11022 7532006 17,693,350
2011-02-25 11021 6072070 22,434,732
2011-02-22 11020 7250261 17,496,546
2011-02-20 11019 6088994 16,914,700
2011-02-18 11018 6622577 22,065,136
2011-02-15 11017 7259263 17,140,970
2011-02-13 11016 5359793 16,779,360
2011-02-11 11015 5012113 22,432,180
2011-02-01 11014 3440288 18,491,470
2011-01-30 11013 5988422 17,183,962
2011-01-28 11012 4744500 20,928,220
2011-01-25 11011 0066366 16,666,042
2011-01-23 11010 1363378 17,274,404
2011-01-21 11009 1107530 21,605,132
2011-01-18 11008 8366670 17,144,842
2011-01-16 11007 3498553 17,304,226
2011-01-14 11006 1650957 22,044,784
2011-01-11 11005 2969645 17,246,000
2011-01-09 11004 3604166 17,711,572
2011-01-07 11003 9098093 22,185,966
2011-01-04 11002 0150650 17,475,886
2011-01-02 11001 9845854 16,813,754
