2012-12-30 12154 9712342 16,743,442
2012-12-28 12153 4741005 21,668,398
2012-12-25 12152 1578366 16,600,204
2012-12-23 12151 4818338 16,242,204
2012-12-21 12150 9240206 21,127,738
2012-12-18 12149 0955338 16,634,454
2012-12-16 12148 0677215 16,539,136
2012-12-14 12147 4949007 20,278,868
2012-12-11 12146 9117273 15,775,890
2012-12-09 12145 9140678 15,668,656
2012-12-07 12144 0390601 20,217,316
2012-12-04 12143 4991257 15,355,264
2012-12-02 12142 0983222 15,235,950
2012-11-30 12141 1785907 19,111,730
2012-11-27 12140 2518150 16,135,778
2012-11-25 12139 6362005 15,964,660
2012-11-23 12138 9008152 20,729,808
2012-11-20 12137 5460787 16,211,988
2012-11-18 12136 4927862 15,995,150
2012-11-16 12135 8635354 20,334,026
2012-11-13 12134 4282930 15,602,642
2012-11-11 12133 1746180 15,419,560
2012-11-09 12132 1440348 19,826,814
2012-11-06 12131 6012151 15,047,804
2012-11-04 12130 9669257 14,594,236
2012-11-02 12129 6218059 19,016,170
2012-10-30 12128 4484682 14,207,062
2012-10-28 12127 8028452 15,125,796
2012-10-26 12126 1784983 19,531,316
2012-10-23 12125 2848359 14,860,868
2012-10-21 12124 3961448 14,491,018
2012-10-19 12123 0961441 18,963,052
2012-10-16 12122 0228710 14,311,570
2012-10-14 12121 0187535 14,451,500
2012-10-12 12120 2692385 19,128,510
2012-10-09 12119 9399540 14,377,074
2012-10-07 12118 2695692 13,881,410
2012-10-05 12117 4263728 17,124,260
2012-10-02 12116 8361212 12,413,546
2012-09-30 12115 9701391 13,334,752
2012-09-28 12114 1004614 18,103,314
2012-09-25 12113 2126035 15,505,204
2012-09-23 12112 8379537 15,897,402
2012-09-21 12111 5847990 20,538,198
2012-09-18 12110 6239553 15,991,206
2012-09-16 12109 5163955 16,002,316
2012-09-14 12108 6118053 20,349,260
2012-09-11 12107 1181470 15,555,638
2012-09-09 12106 8532230 16,009,340
2012-09-07 12105 4855605 20,358,594
2012-09-04 12104 5700395 15,389,106
2012-09-02 12103 2999335 15,409,450
2012-08-31 12102 8766358 19,588,914
2012-08-28 12101 3462115 15,245,610
2012-08-26 12100 7052924 15,283,334
2012-08-24 12099 7100525 19,865,352
2012-08-21 12098 5488596 15,347,236
2012-08-19 12097 2715049 15,151,030
2012-08-17 12096 3626257 19,554,764
2012-08-14 12095 6304753 14,976,180
2012-08-12 12094 0674863 14,919,726
2012-08-10 12093 6261891 19,126,972
2012-08-07 12092 4973647 15,006,522
2012-08-05 12091 2442936 15,084,656
2012-08-03 12090 7621161 19,200,916
2012-07-31 12089 1571149 14,678,394
2012-07-29 12088 8463802 14,628,540
2012-07-27 12087 9302491 18,847,868
2012-07-24 12086 9207938 15,084,840
2012-07-22 12085 4692160 14,894,282
2012-07-20 12084 3130992 19,431,502
2012-07-17 12083 2148295 15,078,548
2012-07-15 12082 5279163 15,340,956
2012-07-13 12081 2388710 19,116,618
2012-07-10 12080 1127434 15,311,918
2012-07-08 12079 3594648 15,427,268
2012-07-06 12078 6920392 19,495,796
2012-07-03 12077 7419029 15,087,008
2012-07-01 12076 5492293 15,191,110
2012-06-29 12075 7349383 19,611,810
2012-06-26 12074 5307275 15,164,794
2012-06-24 12073 1576950 14,681,100
2012-06-22 12072 5119780 18,682,486
2012-06-19 12071 0668688 15,071,480
2012-06-17 12070 8898094 14,943,032
2012-06-15 12069 7725185 19,042,194
2012-06-12 12068 5877210 14,277,766
2012-06-10 12067 4886558 14,095,010
2012-06-08 12066 1525023 17,933,780
2012-06-05 12065 4237580 15,127,874
2012-06-03 12064 6935565 15,120,982
2012-06-01 12063 7037531 18,886,118
2012-05-29 12062 9204205 14,539,604
2012-05-27 12061 7168698 14,353,470
2012-05-25 12060 3044470 18,101,772
2012-05-22 12059 0411088 14,638,506
2012-05-20 12058 7820769 14,341,984
2012-05-18 12057 9887212 18,620,812
2012-05-15 12056 0179537 14,697,044
2012-05-13 12055 7751344 14,349,098
2012-05-11 12054 2072255 19,009,304
2012-05-08 12053 9661500 14,722,372
2012-05-06 12052 5120354 14,597,906
2012-05-04 12051 8816799 18,386,056
2012-05-01 12050 9771006 13,802,522
2012-04-29 12049 6856316 14,425,664
2012-04-27 12048 3954271 19,675,212
2012-04-24 12047 8746834 14,874,494
2012-04-22 12046 4826827 15,305,840
2012-04-20 12045 5882713 19,594,462
2012-04-17 12044 4377387 15,267,596
2012-04-15 12043 0217399 15,272,214
2012-04-13 12042 0714262 19,107,742
2012-04-10 12041 0456608 15,015,062
2012-04-08 12040 5221193 15,044,432
2012-04-06 12039 4465903 20,345,566
2012-04-03 12038 6001499 14,724,696
2012-04-01 12037 7747761 15,749,498
2012-03-30 12036 0932281 19,984,956
2012-03-27 12035 1022364 15,824,050
2012-03-25 12034 3132741 15,669,518
2012-03-23 12033 0773827 19,991,646
2012-03-20 12032 0767712 15,535,826
2012-03-18 12031 1638470 15,410,390
2012-03-16 12030 2120433 19,885,536
2012-03-13 12029 5760119 15,459,862
2012-03-11 12028 5489724 15,416,824
2012-03-09 12027 1263889 19,717,972
2012-03-06 12026 8059815 15,868,942
2012-03-04 12025 5592900 15,912,372
2012-03-02 12024 5215385 20,468,604
2012-02-28 12023 9389065 16,026,100
2012-02-26 12022 9643298 15,992,034
2012-02-24 12021 1052323 20,800,590
2012-02-21 12020 7361574 16,278,572
2012-02-19 12019 8128139 16,282,410
2012-02-17 12018 8336513 20,290,882
2012-02-14 12017 2350458 16,609,226
2012-02-12 12016 5257145 16,522,704
2012-02-10 12015 5475732 20,951,560
2012-02-07 12014 3465160 15,520,404
2012-02-05 12013 1011067 15,856,260
2012-02-03 12012 1181840 19,769,692
2012-01-31 12011 2562761 15,277,448
2012-01-29 12010 0064540 14,932,724
2012-01-20 12009 7807909 20,812,454
2012-01-17 12008 9067738 15,464,546
2012-01-15 12007 8250904 15,508,302
2012-01-13 12006 8079495 19,947,132
2012-01-10 12005 6857076 15,462,486
2012-01-08 12004 4433612 15,819,986
2012-01-06 12003 0527314 19,782,268
2012-01-03 12002 6973583 15,044,346
2012-01-01 12001 5060998 15,269,484
