2013-12-31 13154 5229380 16,751,778
2013-12-29 13153 1420731 16,102,250
2013-12-27 13152 9810168 20,760,760
2013-12-24 13151 1385475 15,699,784
2013-12-22 13150 8386626 15,652,514
2013-12-20 13149 4620424 20,086,980
2013-12-17 13148 3588866 15,112,176
2013-12-15 13147 9332617 15,272,532
2013-12-13 13146 2112998 21,200,936
2013-12-10 13145 5431885 16,245,310
2013-12-08 13144 2006049 16,283,370
2013-12-06 13143 5107807 20,947,382
2013-12-03 13142 8137252 16,528,020
2013-12-01 13141 8207467 16,160,716
2013-11-29 13140 4339475 20,174,152
2013-11-26 13139 2238532 16,132,848
2013-11-24 13138 9148430 15,722,286
2013-11-22 13137 4057831 20,277,596
2013-11-19 13136 2356895 15,736,182
2013-11-17 13135 8484019 15,674,940
2013-11-15 13134 6173185 21,754,144
2013-11-12 13133 5512389 16,416,656
2013-11-10 13132 5838290 15,954,878
2013-11-08 13131 8816996 21,714,554
2013-11-05 13130 9334834 16,349,024
2013-11-03 13129 3926558 16,379,902
2013-11-01 13128 0337345 20,729,378
2013-10-29 13127 3920159 16,000,562
2013-10-27 13126 5767149 15,942,306
2013-10-25 13125 2123071 20,346,888
2013-10-22 13124 9995169 15,515,964
2013-10-20 13123 9162251 15,595,556
2013-10-18 13122 8097423 20,956,576
2013-10-15 13121 6514635 15,499,916
2013-10-13 13120 6287925 15,429,228
2013-10-11 13119 5123641 20,616,284
2013-10-08 13118 7552272 15,388,232
2013-10-06 13117 7018906 15,413,538
2013-10-04 13116 8864868 19,173,780
2013-10-01 13115 7547412 14,751,572
2013-09-29 13114 0737148 16,304,582
2013-09-27 13113 4145651 20,598,348
2013-09-24 13112 6307318 15,865,724
2013-09-22 13111 8595733 16,040,974
2013-09-20 13110 4098252 19,962,026
2013-09-17 13109 2876578 16,828,158
2013-09-15 13108 1959624 19,178,454
2013-09-13 13107 9185654 24,697,618
2013-09-10 13106 8216817 19,296,758
2013-09-08 13105 6374862 19,212,284
2013-09-06 13104 1438864 24,318,586
2013-09-03 13103 3564407 18,937,472
2013-09-01 13102 6200714 19,203,240
2013-08-30 13101 5913502 24,507,874
2013-08-27 13100 9841620 18,767,456
2013-08-25 13099 0596776 18,355,950
2013-08-23 13098 1728401 23,436,162
2013-08-20 13097 4784787 18,675,440
2013-08-18 13096 2625260 18,612,576
2013-08-16 13095 4294280 23,209,252
2013-08-13 13094 2209861 17,867,932
2013-08-11 13093 8948262 17,717,664
2013-08-09 13092 5748045 22,771,688
2013-08-06 13091 3746192 17,340,666
2013-08-04 13090 3237101 17,048,084
2013-08-02 13089 7761322 22,542,414
2013-07-30 13088 9329840 17,073,892
2013-07-28 13087 3022396 16,939,956
2013-07-26 13086 1970983 21,812,008
2013-07-23 13085 4661431 16,913,928
2013-07-21 13084 1935233 17,443,904
2013-07-19 13083 7746855 22,285,880
2013-07-16 13082 6080148 16,865,156
2013-07-14 13081 4605555 17,091,898
2013-07-12 13080 2814268 21,798,684
2013-07-09 13079 1789265 16,323,746
2013-07-07 13078 7165248 16,916,106
2013-07-05 13077 7915544 21,224,192
2013-07-02 13076 5209501 16,229,912
2013-06-30 13075 9568433 16,304,634
2013-06-28 13074 2040288 20,871,868
2013-06-25 13073 8866078 16,081,182
2013-06-23 13072 2088635 15,942,018
2013-06-21 13071 4594771 20,262,246
2013-06-18 13070 9520393 15,392,286
2013-06-16 13069 3611008 15,759,290
2013-06-14 13068 5452893 20,585,172
2013-06-11 13067 0543770 15,032,176
2013-06-09 13066 0266881 15,865,296
2013-06-07 13065 5841446 20,094,752
2013-06-04 13064 7298706 15,630,944
2013-06-02 13063 0693415 15,614,034
2013-05-31 13062 7422912 19,874,752
2013-05-28 13061 7891383 15,203,496
2013-05-26 13060 0024006 15,042,732
2013-05-24 13059 7697285 19,602,118
2013-05-21 13058 7645225 15,139,302
2013-05-19 13057 7057442 16,231,464
2013-05-17 13056 2919635 21,016,852
2013-05-14 13055 3539689 16,097,132
2013-05-12 13054 3589007 15,958,446
2013-05-10 13053 1558189 21,924,212
2013-05-07 13052 1082470 17,189,304
2013-05-05 13051 9890204 17,130,346
2013-05-03 13050 9254081 21,682,494
2013-04-30 13049 1133936 15,305,766
2013-04-28 13048 3645941 16,533,250
2013-04-26 13047 8972647 21,303,972
2013-04-23 13046 5224596 16,755,598
2013-04-21 13045 8700393 16,714,386
2013-04-19 13044 1414148 20,957,018
2013-04-16 13043 5461136 16,445,128
2013-04-14 13042 9891539 16,453,060
2013-04-12 13041 7319448 21,004,966
2013-04-09 13040 8119349 16,223,734
2013-04-07 13039 7487295 16,176,394
2013-04-05 13038 9944558 18,772,950
2013-04-02 13037 9897198 15,914,908
2013-03-31 13036 8730101 15,890,936
2013-03-29 13035 2713037 20,183,700
2013-03-26 13034 6688459 15,537,920
2013-03-24 13033 5102093 15,968,798
2013-03-22 13032 6947423 21,581,706
2013-03-19 13031 2749375 16,494,688
2013-03-17 13030 4777216 16,732,302
2013-03-15 13029 9245888 21,323,470
2013-03-12 13028 9668646 16,052,328
2013-03-10 13027 1380871 15,997,266
2013-03-08 13026 0042775 20,224,036
2013-03-05 13025 9708996 16,052,162
2013-03-03 13024 8926361 16,035,062
2013-03-01 13023 4107749 20,347,620
2013-02-26 13022 8053792 15,594,204
2013-02-24 13021 4110388 15,946,390
2013-02-22 13020 5353946 20,372,140
2013-02-19 13019 9957724 15,477,150
2013-02-17 13018 9281571 16,414,570
2013-02-08 13017 7929493 24,112,366
2013-02-05 13016 2065928 16,687,834
2013-02-03 13015 3366764 17,098,622
2013-02-01 13014 9341545 21,775,532
2013-01-29 13013 6581130 16,837,776
2013-01-27 13012 1053462 17,255,462
2013-01-25 13011 8405507 22,463,262
2013-01-22 13010 8672771 17,109,984
2013-01-20 13009 3160359 17,360,404
2013-01-18 13008 4488037 22,462,476
2013-01-15 13007 6615215 17,408,136
2013-01-13 13006 1838274 17,734,896
2013-01-11 13005 2534577 22,616,094
2013-01-08 13004 7440518 17,328,270
2013-01-06 13003 8007126 17,398,324
2013-01-04 13002 0175534 21,596,954
2013-01-01 13001 3511933 16,394,502
