2014-12-30 14153 9453523 15,074,024
2014-12-28 14152 5693049 15,203,476
2014-12-26 14151 1957554 21,346,898
2014-12-23 14150 5868335 15,709,872
2014-12-21 14149 3797158 15,324,604
2014-12-19 14148 4959493 20,153,716
2014-12-16 14147 2405412 14,820,854
2014-12-14 14146 1123302 15,199,262
2014-12-12 14145 9737045 19,494,884
2014-12-09 14144 8588812 14,892,916
2014-12-07 14143 5800956 15,198,116
2014-12-05 14142 9219238 19,804,976
2014-12-02 14141 1881351 14,578,978
2014-11-30 14140 7928567 15,649,356
2014-11-28 14139 4421165 20,623,468
2014-11-25 14138 3253729 15,489,282
2014-11-23 14137 8283020 15,577,764
2014-11-21 14136 7290772 20,618,252
2014-11-18 14135 6600534 15,191,468
2014-11-16 14134 8601215 15,669,550
2014-11-14 14133 5757902 20,507,910
2014-11-11 14132 6726367 15,216,466
2014-11-09 14131 6006372 15,397,434
2014-11-07 14130 3856418 20,615,798
2014-11-04 14129 6675563 15,365,522
2014-11-02 14128 1207980 15,341,516
2014-10-31 14127 1972416 23,238,606
2014-10-28 14126 9541654 17,103,474
2014-10-26 14125 5616459 17,204,312
2014-10-24 14124 0891892 22,787,274
2014-10-21 14123 3170036 17,083,420
2014-10-19 14122 6772576 17,126,090
2014-10-17 14121 6674245 22,756,156
2014-10-14 14120 2566882 16,852,894
2014-10-12 14119 9183195 16,853,396
2014-10-10 14118 1888597 23,275,688
2014-10-07 14117 6226434 16,683,008
2014-10-05 14116 1752033 15,514,672
2014-10-03 14115 8643428 20,023,004
2014-09-30 14114 5444860 16,732,864
2014-09-28 14113 8209021 16,661,348
2014-09-26 14112 9274817 22,326,132
2014-09-23 14111 6048324 16,670,764
2014-09-21 14110 7050216 16,818,084
2014-09-19 14109 3696029 22,082,728
2014-09-16 14108 1637041 16,137,526
2014-09-14 14107 4216651 16,481,562
2014-09-12 14106 2227737 21,975,434
2014-09-09 14105 8766589 16,179,894
2014-09-07 14104 7350196 15,965,766
2014-09-05 14103 2937587 21,910,596
2014-09-02 14102 9796397 16,370,680
2014-08-31 14101 1789121 16,689,390
2014-08-29 14100 2554407 21,839,692
2014-08-26 14099 3117961 16,557,922
2014-08-24 14098 8690355 16,822,002
2014-08-22 14097 0917126 22,273,492
2014-08-19 14096 8716103 16,835,768
2014-08-17 14095 6658896 17,134,728
2014-08-15 14094 2839953 22,377,278
2014-08-12 14093 6871416 16,698,244
2014-08-10 14092 6116077 16,902,702
2014-08-08 14091 0045822 22,156,456
2014-08-05 14090 4876357 16,404,868
2014-08-03 14089 1399582 16,112,718
2014-08-01 14088 5340578 20,937,546
2014-07-29 14087 1189101 16,026,778
2014-07-27 14086 4684909 16,184,052
2014-07-25 14085 9147743 21,196,566
2014-07-22 14084 6586773 15,832,980
2014-07-20 14083 2659855 15,842,964
2014-07-18 14082 7251377 21,097,042
2014-07-15 14081 2448931 16,403,016
2014-07-13 14080 6322592 16,268,112
2014-07-11 14079 6018113 21,589,184
2014-07-08 14078 1753391 16,527,836
2014-07-06 14077 5164888 16,744,994
2014-07-04 14076 2952474 21,812,436
2014-07-01 14075 5505028 16,920,412
2014-06-29 14074 9597779 16,952,114
2014-06-27 14073 0278077 21,986,706
2014-06-24 14072 8756922 16,649,404
2014-06-22 14071 0617921 16,634,624
2014-06-20 14070 4950463 21,805,432
2014-06-17 14069 9825006 16,495,540
2014-06-15 14068 9025922 16,794,020
2014-06-13 14067 0469322 21,508,890
2014-06-10 14066 9579348 16,478,052
2014-06-08 14065 9038214 16,627,652
2014-06-06 14064 6351912 21,561,744
2014-06-03 14063 5886234 16,150,230
2014-06-01 14062 1342340 15,537,660
2014-05-30 14061 9911724 21,236,318
2014-05-27 14060 1595217 16,660,728
2014-05-25 14059 5107138 16,604,028
2014-05-23 14058 7128674 21,772,086
2014-05-20 14057 9654442 16,705,078
2014-05-18 14056 5911416 16,674,826
2014-05-16 14055 5880317 21,546,346
2014-05-13 14054 0854702 16,478,832
2014-05-11 14053 2887688 16,121,566
2014-05-09 14052 3103236 21,608,744
2014-05-06 14051 9888500 16,402,166
2014-05-04 14050 0907941 16,365,786
2014-05-02 14049 6315089 19,610,104
2014-04-29 14048 4619288 16,510,816
2014-04-27 14047 4525192 16,462,194
2014-04-25 14046 9786777 21,001,222
2014-04-22 14045 9029153 16,033,180
2014-04-20 14044 0103638 16,036,266
2014-04-18 14043 7900624 20,840,112
2014-04-15 14042 6828843 15,664,708
2014-04-13 14041 9902503 15,678,132
2014-04-11 14040 5897643 21,607,888
2014-04-08 14039 3734606 16,712,808
2014-04-06 14038 0813812 16,034,544
2014-04-04 14037 1264207 21,765,922
2014-04-01 14036 9383526 16,577,680
2014-03-30 14035 3745482 16,197,466
2014-03-28 14034 4563840 21,094,368
2014-03-25 14033 3063811 16,032,044
2014-03-23 14032 4738050 15,848,400
2014-03-21 14031 4882918 20,508,656
2014-03-18 14030 3821017 15,717,100
2014-03-16 14029 4066360 16,673,956
2014-03-14 14028 8079401 22,255,088
2014-03-11 14027 5065486 17,013,410
2014-03-09 14026 8869088 16,996,630
2014-03-07 14025 6636428 22,159,276
2014-03-04 14024 7213208 16,730,970
2014-03-02 14023 5561357 16,750,136
2014-02-28 14022 3393426 21,893,840
2014-02-25 14021 2089738 16,727,756
2014-02-23 14020 8075425 16,665,014
2014-02-21 14019 1360145 21,102,222
2014-02-18 14018 9763014 16,121,648
2014-02-16 14017 8186196 16,148,990
2014-02-14 14016 6878883 20,545,560
2014-02-11 14015 1583631 15,856,972
2014-02-09 14014 9506776 14,891,474
2014-02-07 14013 2383563 19,033,348
2014-01-28 14012 7753510 15,997,164
2014-01-26 14011 6060265 15,533,158
2014-01-24 14010 5421212 19,927,784
2014-01-21 14009 7912096 15,256,948
2014-01-19 14008 1957425 15,515,176
2014-01-17 14007 9945762 20,255,786
2014-01-14 14006 1712056 15,929,494
2014-01-12 14005 4259264 15,837,466
2014-01-10 14004 6942195 20,817,936
2014-01-07 14003 4956175 16,183,154
2014-01-05 14002 7468894 16,535,932
2014-01-03 14001 8584531 21,418,512
