2015-12-29 15153 7972013 13,499,292
2015-12-27 15152 3392075 13,601,608
2015-12-25 15151 4387919 17,774,358
2015-12-22 15150 9043366 13,222,324
2015-12-20 15149 5014071 14,344,770
2015-12-18 15148 7379889 19,063,874
2015-12-15 15147 4943989 14,181,910
2015-12-13 15146 2082190 14,281,414
2015-12-11 15145 2544496 18,975,218
2015-12-08 15144 4684143 14,076,072
2015-12-06 15143 9828286 14,152,406
2015-12-04 15142 2942458 18,376,158
2015-12-01 15141 3485710 14,186,856
2015-11-29 15140 3585554 14,016,966
2015-11-27 15139 0767027 18,104,854
2015-11-24 15138 5684177 13,200,104
2015-11-22 15137 3794706 13,518,558
2015-11-20 15136 9733469 18,340,236
2015-11-17 15135 3362303 13,809,716
2015-11-15 15134 3970278 14,009,454
2015-11-13 15133 8125177 19,032,116
2015-11-10 15132 3462502 14,344,408
2015-11-08 15131 7224447 14,307,536
2015-11-06 15130 8099931 18,228,606
2015-11-03 15129 6717289 14,186,444
2015-11-01 15128 1425677 13,954,658
2015-10-30 15127 5341498 18,396,122
2015-10-27 15126 2839027 13,850,818
2015-10-25 15125 5485568 13,792,254
2015-10-23 15124 7759890 18,186,662
2015-10-20 15123 4857119 13,928,578
2015-10-18 15122 8632499 13,719,174
2015-10-16 15121 9640870 18,014,300
2015-10-13 15120 6259846 13,460,748
2015-10-11 15119 6166583 13,445,636
2015-10-09 15118 5403814 17,323,444
2015-10-06 15117 1439625 11,880,780
2015-10-04 15116 4108485 11,468,334
2015-10-02 15115 9385065 14,890,636
2015-09-29 15114 4622336 12,594,688
2015-09-27 15113 2527927 12,935,774
2015-09-25 15112 5217709 17,170,674
2015-09-22 15111 8746396 13,376,922
2015-09-20 15110 3324498 13,677,532
2015-09-18 15109 4960420 17,709,386
2015-09-15 15108 6556748 13,280,478
2015-09-13 15107 5293476 13,129,468
2015-09-11 15106 1084382 16,865,940
2015-09-08 15105 4930834 12,379,340
2015-09-06 15104 7115058 12,757,900
2015-09-04 15103 2361762 15,567,424
2015-09-01 15102 1527773 12,135,282
2015-08-30 15101 9465861 12,157,338
2015-08-28 15100 1325261 17,000,896
2015-08-25 15099 2384786 12,634,354
2015-08-23 15098 7772396 12,380,224
2015-08-21 15097 4185893 16,934,410
2015-08-18 15096 3902252 12,582,532
2015-08-16 15095 0669061 12,297,648
2015-08-14 15094 6638243 15,934,374
2015-08-11 15093 6005968 12,961,260
2015-08-09 15092 0780366 12,745,346
2015-08-07 15091 6121865 16,809,894
2015-08-04 15090 0871809 12,640,654
2015-08-02 15089 9627608 12,529,418
2015-07-31 15088 3912650 16,598,942
2015-07-28 15087 4330194 12,436,070
2015-07-26 15086 8135163 12,590,922
2015-07-24 15085 0667283 16,294,944
2015-07-21 15084 3863836 12,393,354
2015-07-19 15083 8264394 12,493,790
2015-07-17 15082 8575554 16,707,818
2015-07-14 15081 7168107 12,281,492
2015-07-12 15080 1057811 12,519,382
2015-07-10 15079 9862266 16,501,872
2015-07-07 15078 5838045 12,583,150
2015-07-05 15077 1981580 13,447,664
2015-07-03 15076 0408016 17,861,596
2015-06-30 15075 2347715 13,282,778
2015-06-28 15074 5576866 13,254,688
2015-06-26 15073 5135400 17,408,436
2015-06-23 15072 0000397 13,457,016
2015-06-21 15071 4295539 13,012,114
2015-06-19 15070 3186560 17,384,396
2015-06-16 15069 4270339 13,204,976
2015-06-14 15068 7987207 13,170,446
2015-06-12 15067 5919118 16,879,258
2015-06-09 15066 5227055 12,800,514
2015-06-07 15065 4411025 13,205,858
2015-06-05 15064 8102254 17,007,688
2015-06-02 15063 4528498 12,718,146
2015-05-31 15062 6725312 14,130,224
2015-05-29 15061 5678492 18,297,836
2015-05-26 15060 0315435 13,932,638
2015-05-24 15059 9903974 13,807,248
2015-05-22 15058 8765033 18,312,576
2015-05-19 15057 9238690 13,691,700
2015-05-17 15056 6928923 13,658,050
2015-05-15 15055 5205891 17,592,050
2015-05-12 15054 7345269 13,234,564
2015-05-10 15053 8310414 12,938,618
2015-05-08 15052 9038225 17,250,230
2015-05-05 15051 7338118 13,105,674
2015-05-03 15050 2846371 12,716,908
2015-05-01 15049 0252136 15,977,168
2015-04-28 15048 6451778 13,281,816
2015-04-26 15047 7242976 13,436,676
2015-04-24 15046 8456728 18,621,548
2015-04-21 15045 9665557 13,918,982
2015-04-19 15044 0284304 13,666,480
2015-04-17 15043 9796091 19,155,830
2015-04-14 15042 0578477 14,219,302
2015-04-12 15041 4742078 14,115,080
2015-04-10 15040 7065964 18,411,468
2015-04-07 15039 5996364 13,465,682
2015-04-05 15038 6473176 12,650,810
2015-04-03 15037 9516315 17,760,460
2015-03-31 15036 0623252 13,767,318
2015-03-29 15035 0506651 13,700,414
2015-03-27 15034 7564487 18,238,948
2015-03-24 15033 9021678 14,133,928
2015-03-22 15032 4984155 13,867,054
2015-03-20 15031 5783717 18,780,918
2015-03-17 15030 9571782 13,885,946
2015-03-15 15029 0494567 13,812,170
2015-03-13 15028 1476051 18,253,822
2015-03-10 15027 6811460 14,055,066
2015-03-08 15026 8050504 14,712,134
2015-03-06 15025 2568464 18,645,826
2015-03-03 15024 6467712 14,320,598
2015-03-01 15023 3726043 14,174,404
2015-02-27 15022 1619557 19,318,904
2015-02-17 15021 4654397 16,319,254
2015-02-15 15020 6139997 14,944,626
2015-02-13 15019 9290994 19,374,700
2015-02-10 15018 6453434 15,194,756
2015-02-08 15017 4278582 15,149,934
2015-02-06 15016 5990997 19,989,064
2015-02-03 15015 9889253 14,844,560
2015-02-01 15014 3216941 14,896,600
2015-01-30 15013 7368219 19,721,094
2015-01-27 15012 0347408 14,549,872
2015-01-25 15011 4595999 15,361,000
2015-01-23 15010 1579257 21,137,316
2015-01-20 15009 2992021 15,645,418
2015-01-18 15008 7906408 15,360,622
2015-01-16 15007 3818083 20,324,180
2015-01-13 15006 4857482 14,978,168
2015-01-11 15005 1548555 14,859,528
2015-01-09 15004 7191381 20,202,536
2015-01-06 15003 6823007 15,422,706
2015-01-04 15002 6157030 15,679,896
2015-01-02 15001 9844024 19,606,340
