2016-12-30 16154 0514491 18,740,958
2016-12-27 16153 1383625 0
2016-12-25 16152 3513300 13,840,206
2016-12-23 16151 1692491 18,424,556
2016-12-20 16150 1089511 13,340,562
2016-12-18 16149 0061755 13,589,594
2016-12-16 16148 8725603 17,664,836
2016-12-13 16147 4752877 12,989,212
2016-12-11 16146 0582002 0
2016-12-09 16145 7313021 17,104,604
2016-12-06 16144 0547186 12,533,194
2016-12-04 16143 6171952 0
2016-12-02 16142 7072801 17,379,190
2016-11-29 16141 1295191 12,705,196
2016-11-27 16140 8725298 13,098,592
2016-11-25 16139 4633469 17,007,460
2016-11-22 16138 6870337 12,132,986
2016-11-20 16137 7694043 12,629,886
2016-11-18 16136 2502087 16,677,826
2016-11-15 16135 0407260 12,325,056
2016-11-13 16134 3401861 12,181,176
2016-11-11 16133 7413375 15,747,654
2016-11-08 16132 5270894 11,634,292
2016-11-06 16131 7304375 11,772,092
2016-11-04 16130 2620133 15,917,924
2016-11-01 16129 9181209 11,589,692
2016-10-30 16128 8653314 11,971,538
2016-10-28 16127 1619381 15,604,824
2016-10-25 16126 5085236 12,184,110
2016-10-23 16125 3980291 12,043,886
2016-10-21 16124 9673763 16,053,184
2016-10-18 16123 6521977 12,369,474
2016-10-16 16122 5941053 12,592,898
2016-10-14 16121 4926319 17,101,808
2016-10-11 16120 4044416 12,510,748
2016-10-09 16119 6251260 12,547,588
2016-10-07 16118 0111613 16,222,522
2016-10-04 16117 9798828 11,017,060
2016-10-02 16116 2897861 11,119,114
2016-09-30 16115 1127333 16,845,702
2016-09-27 16114 5171278 12,365,934
2016-09-25 16113 3681431 12,461,310
2016-09-23 16112 9134779 16,591,566
2016-09-20 16111 7379128 12,715,694
2016-09-18 16110 9538271 12,578,196
2016-09-16 16109 1729690 15,410,714
2016-09-13 16108 1522900 11,990,462
2016-09-11 16107 0582641 11,857,450
2016-09-09 16106 0514760 15,485,698
2016-09-06 16105 4015098 11,497,830
2016-09-04 16104 8617853 11,648,966
2016-09-02 16103 7086371 15,856,708
2016-08-30 16102 3151063 11,674,528
2016-08-28 16101 7370043 12,231,422
2016-08-26 16100 5809445 16,067,056
2016-08-23 16099 7399708 11,972,288
2016-08-21 16098 5274231 12,077,118
2016-08-19 16097 4152537 15,976,118
2016-08-16 16096 5620761 11,967,294
2016-08-14 16095 6863320 11,681,824
2016-08-12 16094 8529135 15,103,262
2016-08-09 16093 5979821 11,459,478
2016-08-07 16092 6144325 11,766,998
2016-08-05 16091 2384931 15,226,450
2016-08-02 16090 0251121 11,293,896
2016-07-31 16089 9822831 12,038,956
2016-07-29 16088 4962874 15,936,458
2016-07-26 16087 8388647 11,863,016
2016-07-24 16086 8827512 11,910,348
2016-07-22 16085 0411707 15,582,404
2016-07-19 16084 5666043 11,565,332
2016-07-17 16083 4192000 11,706,988
2016-07-15 16082 2663481 15,381,778
2016-07-12 16081 4232451 11,350,304
2016-07-10 16080 2028504 11,327,670
2016-07-08 16079 3187912 15,460,458
2016-07-05 16078 3355371 11,868,848
2016-07-03 16077 1886011 11,841,660
2016-07-01 16076 6159740 15,118,954
2016-06-28 16075 6776139 11,389,592
2016-06-26 16074 8830258 11,445,938
2016-06-24 16073 0467325 0
2016-06-21 16072 9179600 11,487,024
2016-06-19 16071 6609203 12,509,416
2016-06-17 16070 8427535 16,824,636
2016-06-14 16069 3438450 12,537,948
2016-06-12 16068 0700278 12,599,940
2016-06-10 16067 1123095 15,433,220
2016-06-07 16066 6560612 12,234,136
2016-06-05 16065 3745481 12,910,446
2016-06-03 16064 8307890 16,858,584
2016-05-31 16063 0861015 12,657,540
2016-05-29 16062 4202815 12,631,340
2016-05-27 16061 1292990 16,502,760
2016-05-24 16060 8253313 12,306,630
2016-05-22 16059 1346174 12,134,624
2016-05-20 16058 6956881 16,285,758
2016-05-17 16057 8686709 12,197,294
2016-05-15 16056 1510996 12,849,674
2016-05-13 16055 0468080 17,163,250
2016-05-10 16054 6240813 12,977,034
2016-05-08 16053 0163696 13,018,420
2016-05-06 16052 2287449 17,128,872
2016-05-03 16051 0286246 12,840,278
2016-05-01 16050 4609236 12,157,562
2016-04-29 16049 2560072 17,073,210
2016-04-26 16048 7899864 12,908,324
2016-04-24 16047 2988841 12,732,580
2016-04-22 16046 9962865 16,376,080
2016-04-19 16045 2810576 0
2016-04-17 16044 5399971 13,171,712
2016-04-15 16043 3907502 17,188,004
2016-04-12 16042 6401141 12,839,168
2016-04-10 16041 6262333 13,049,656
2016-04-08 16040 6084615 17,077,766
2016-04-05 16039 9119139 12,471,504
2016-04-03 16038 2817111 12,058,600
2016-04-01 16037 9494304 17,621,050
2016-03-29 16036 6618670 13,049,934
2016-03-27 16035 8487928 13,073,074
2016-03-25 16034 5100524 18,582,710
2016-03-22 16033 6791680 13,876,690
2016-03-20 16032 0563435 13,837,244
2016-03-18 16031 5030233 18,178,848
2016-03-15 16030 4411721 13,611,886
2016-03-13 16029 1579162 13,135,792
2016-03-11 16028 7936025 19,313,936
2016-03-08 16027 6825982 14,118,666
2016-03-06 16026 9361186 14,348,634
2016-03-04 16025 8882389 18,881,248
2016-03-01 16024 8745556 14,259,438
2016-02-28 16023 7462643 14,047,438
2016-02-26 16022 4301197 18,251,190
2016-02-23 16021 1288513 13,193,506
2016-02-21 16020 5582637 13,106,966
2016-02-19 16019 4984279 17,082,084
2016-02-16 16018 7981273 12,662,990
2016-02-14 16017 4136664 12,264,210
2016-02-05 16016 6672361 17,535,862
2016-02-02 16015 3813318 12,621,132
2016-01-31 16014 4460199 12,647,198
2016-01-29 16013 8315047 17,139,764
2016-01-26 16012 6636606 13,261,170
2016-01-24 16011 2383162 13,119,704
2016-01-22 16010 8687229 17,413,454
2016-01-19 16009 9339572 13,885,314
2016-01-17 16008 6811838 14,066,546
2016-01-15 16007 9940835 18,261,674
2016-01-12 16006 6157523 13,595,790
2016-01-10 16005 5966183 13,565,730
2016-01-08 16004 8481060 18,036,268
2016-01-05 16003 5421744 13,171,102
2016-01-03 16002 0262530 13,369,624
2016-01-01 16001 8930809 17,510,318
