2017-05-21 17058 5054414 0
2017-05-19 17057 9951042 0
2017-05-16 17056 1814014 11,647,686
2017-05-14 17055 2451944 0
2017-05-12 17054 2639801 15,026,302
2017-05-09 17053 6666458 11,055,338
2017-05-07 17052 3351885 0
2017-05-05 17051 0136495 14,799,188
2017-05-02 17050 2536308 0
2017-04-30 17049 8081598 0
2017-04-28 17048 6067729 0
2017-04-25 17047 3903754 11,302,910
2017-04-23 17046 2516529 0
2017-04-21 17045 1940058 0
2017-04-18 17044 9687189 11,164,672
2017-04-16 17043 2255787 11,299,138
2017-04-14 17042 6684680 15,368,762
2017-04-11 17041 5569619 11,773,176
2017-04-09 17040 4286075 11,493,670
2017-04-07 17039 1021520 11,493,670
2017-04-04 17038 4515446 0
2017-04-02 17037 3265937 11,687,588
2017-03-31 17036 6274026 0
2017-03-28 17035 3525768 12,036,802
2017-03-26 17034 2273652 12,062,358
2017-03-24 17033 5118320 16,441,616
2017-03-21 17032 3106114 12,157,084
2017-03-19 17031 4460520 12,450,822
2017-03-17 17030 1137897 16,461,978
2017-03-14 17029 3960612 12,512,112
2017-03-12 17028 2271883 12,251,414
2017-03-10 17027 3458048 17,283,234
2017-03-07 17026 2038852 12,695,090
2017-03-05 17025 8898057 12,882,428
2017-03-03 17024 3168668 16,998,420
2017-02-28 17023 3209169 13,160,262
2017-02-26 17022 8783735 12,961,392
2017-02-24 17021 1729291 16,783,078
2017-02-21 17020 6188900 12,216,988
2017-02-19 17019 1127804 12,765,406
2017-02-17 17018 4245627 16,701,100
2017-02-14 17017 9321190 12,613,216
2017-02-12 17016 2466140 12,082,782
2017-02-10 17015 9411668 15,754,114
2017-02-07 17014 3824970 11,400,454
2017-02-05 17013 9394808 11,541,002
2017-02-03 17012 7776852 15,855,606
2017-01-24 17011 0607474 11,639,962
2017-01-22 17010 0971821 11,671,372
2017-01-20 17009 2009109 16,281,178
2017-01-17 17008 1000234 11,880,628
2017-01-15 17007 8827276 11,811,546
2017-01-13 17006 2090906 15,999,934
2017-01-10 17005 3847116 13,131,036
2017-01-08 17004 5296864 13,582,378
2017-01-06 17003 6387485 17,722,534
2017-01-03 17002 4878761 13,150,080
2017-01-01 17001 2535389 13,333,696
